1 CC 17.0 0
2 K 17.0 0
3 ST 17.0 0
4 ST 17.0 0
5 V 17.0 0
6 U 17.0 0
7 V 17.0 0
8 U 17.0 0
9 M 17.0 0
10 ST 17.0 0
11 M 17.0 0
12 K 17.0 0
13 K 17.0 0
14 K 17.0 0
15 ER 17.0 0
16 F 17.0 0
17 R 17.0 0
18 V 17.0 0
19 SR 17.0 0
20 SR 17.0 0
21 K 17.0 0
22 AS 17.0 0
23 K 17.0 0
24 MF 17.0 0
25 K 17.0 0
26 ER 17.0 0
27 G 17.0 0
28 G 17.0 0
29 CC 17.0 0
30 ER 17.0 0
31 K 17.0 0
32 K 17.0 0
33 ER 17.0 0
34 ER 17.0 0
35 ST 17.0 0
36 ST 17.0 0
37 ST 17.0 0
38 K 17.0 0
39 ST 17.0 0
40 G 17.0 0
41 K 17.0 0
42 outside 17.0 10573
43 outside 32.0 10573
44 outside 17.0 10573
45 outside 32.0 10573
46 outside 32.0 10573
47 outside 32.0 10573
48 outside 22.0 10573
49 outside 32.0 10573
50 outside 27.0 10573
51 outside 22.0 10573
52 outside 17.0 10573
53 outside 32.0 10573
54 outside 32.0 10573
55 outside 32.0 10573
56 outside 17.0 10573
57 outside 17.0 10573
58 outside 22.0 10573
59 outside 27.0 10573
60 outside 22.0 10573
61 outside 22.0 10573
62 outside 22.0 10573
63 outside 17.0 10573
64 outside 22.0 10573
65 outside 22.0 10573
66 outside 32.0 10573
67 outside 32.0 10573
68 outside 32.0 10573
69 outside 32.0 10573
70 outside 22.0 10573
71 outside 32.0 10573
72 outside 22.0 10573
73 outside 22.0 10573
74 outside 22.0 10573
75 outside 17.0 10573
76 outside 32.0 10573
77 outside 22.0 10573
78 outside 17.0 10573
79 outside 32.0 10573
80 outside 32.0 10573
81 outside 17.0 10573
82 outside 17.0 10573
83 outside 17.0 10573
84 outside 27.0 10573
85 outside 22.0 10573
86 outside 32.0 10573
87 outside 22.0 10573
88 outside 17.0 10573
89 outside 22.0 10573
90 outside 17.0 10573
91 outside 17.0 10573
92 outside 17.0 10573
93 outside 32.0 10573
94 outside 22.0 10573
95 outside 27.0 10573
96 outside 17.0 10573
97 outside 32.0 10573
98 outside 32.0 10573
99 outside 27.0 10573
100 outside 27.0 10573
101 outside 17.0 10573
102 outside 32.0 10573
103 outside 22.0 10573
104 outside 22.0 10573
105 outside 22.0 10573
106 outside 17.0 10573
107 outside 32.0 10573
108 outside 22.0 10573
109 outside 17.0 10573
110 outside 27.0 10573
111 outside 32.0 10573
112 outside 32.0 10573
113 outside 32.0 10573
114 outside 27.0 10573
115 outside 17.0 10573
116 outside 17.0 10573
117 outside 22.0 10573
118 outside 32.0 10573
119 outside 17.0 10573
120 outside 22.0 10573
121 outside 22.0 10573
122 outside 32.0 10573
123 outside 32.0 10573
124 outside 22.0 10573
125 outside 22.0 10573
126 outside 17.0 10573
127 outside 17.0 10573
128 outside 22.0 10573
129 outside 32.0 10573
130 outside 17.0 10573
131 outside 17.0 10573
132 outside 27.0 10573
133 outside 32.0 10573
134 outside 22.0 10573
135 outside 27.0 10573
136 outside 32.0 10573
137 outside 22.0 10573
138 outside 32.0 10573
139 outside 22.0 10573
140 outside 22.0 10573
141 outside 32.0 10573
142 outside 22.0 10573
143 outside 22.0 10573
144 outside 17.0 10573
145 outside 22.0 10573
146 outside 32.0 10573
147 outside 32.0 10573
148 outside 17.0 10573
149 outside 22.0 10573
150 outside 27.0 10573
151 outside 27.0 10573
152 outside 22.0 10573
153 outside 27.0 10573
154 outside 17.0 10573
155 outside 32.0 10573
156 outside 22.0 10573
157 outside 22.0 10573
158 outside 17.0 10573
159 outside 32.0 10573
160 outside 22.0 10573
161 outside 32.0 10573
162 outside 22.0 10573
163 outside 32.0 10573
164 outside 32.0 10573
165 outside 17.0 10573
166 outside 32.0 10573
167 outside 32.0 10573
168 outside 32.0 10573
169 outside 32.0 10573
170 outside 32.0 10573
171 outside 17.0 10573
172 outside 17.0 10573
173 outside 22.0 10573
174 outside 22.0 10573
175 outside 22.0 10573
176 outside 32.0 10573
177 outside 22.0 10573
178 outside 22.0 10573
179 outside 32.0 10573
180 outside 22.0 10573
181 outside 32.0 10573
182 outside 17.0 10573
183 outside 32.0 10573
184 outside 17.0 10573
185 outside 32.0 10573
186 outside 32.0 10573
187 outside 17.0 10573
188 outside 32.0 10573
189 outside 32.0 10573
190 outside 32.0 10573
191 outside 17.0 10573
192 outside 17.0 10573
193 outside 27.0 10573
194 outside 22.0 10573
195 outside 22.0 10573
196 outside 22.0 10573
197 outside 17.0 10573
198 outside 22.0 10573
199 outside 22.0 10573
200 outside 17.0 10573
201 outside 27.0 10573
202 outside 27.0 10573
203 outside 32.0 10573
204 outside 27.0 10573
205 outside 27.0 10573
206 outside 17.0 10573
207 outside 32.0 10573
208 outside 27.0 10573
209 outside 17.0 10573
210 outside 22.0 10573
211 outside 22.0 10573
212 outside 27.0 10573
213 outside 22.0 10573
214 outside 17.0 10573
215 outside 22.0 10573
216 outside 32.0 10573
217 outside 17.0 10573
218 outside 22.0 10573
219 outside 17.0 10573
220 outside 32.0 10573
221 outside 22.0 10573
222 outside 22.0 10573
223 outside 22.0 10573
224 outside 22.0 10573
225 outside 27.0 10573
226 outside 22.0 10573
227 outside 32.0 10573
228 outside 32.0 10573
229 outside 17.0 10573
230 outside 32.0 10573
231 outside 32.0 10573
232 outside 17.0 10573
233 outside 22.0 10573
234 outside 22.0 10573
235 outside 17.0 10573
236 outside 17.0 10573
237 outside 22.0 10573
238 outside 17.0 10573
239 outside 17.0 10573
240 outside 27.0 10573
241 outside 32.0 10573
242 outside 32.0 10573
243 outside 22.0 10573
244 outside 32.0 10573
245 outside 17.0 10573
246 outside 17.0 10573
247 outside 22.0 10573
248 outside 22.0 10573
249 outside 32.0 10573
250 outside 27.0 10573
251 outside 27.0 10573
252 outside 22.0 10573
253 outside 27.0 10573
254 outside 32.0 10573
255 outside 22.0 10573
256 outside 27.0 10573
257 outside 17.0 10573
258 outside 22.0 10573
259 outside 22.0 10573
260 outside 17.0 10573
261 outside 32.0 10573
262 outside 32.0 10573
263 outside 32.0 10573
264 outside 17.0 10573
265 outside 27.0 10573
266 outside 32.0 10573
267 outside 32.0 10573
268 outside 32.0 10573
269 outside 22.0 10573
270 outside 32.0 10573
271 outside 27.0 10573
272 outside 27.0 10573
273 outside 32.0 10573
274 outside 17.0 10573
275 outside 17.0 10573
276 outside 17.0 10573
277 outside 22.0 10573
278 outside 32.0 10573
279 outside 22.0 10573
280 outside 27.0 10573
281 outside 17.0 10573
282 outside 32.0 10573
283 outside 17.0 10573
284 outside 22.0 10573
285 outside 32.0 10573
286 outside 27.0 10573
287 outside 32.0 10573
288 outside 27.0 10573
289 outside 27.0 10573
290 outside 17.0 10573
291 outside 17.0 10573
292 outside 27.0 10573
293 outside 32.0 10573
294 outside 32.0 10573
295 outside 27.0 10573
296 outside 22.0 10573
297 outside 27.0 10573
298 outside 32.0 10573
299 outside 27.0 10573
300 outside 22.0 10573
301 outside 22.0 10573
302 outside 22.0 10573
303 outside 17.0 10573
304 outside 22.0 10573
305 outside 22.0 10573
306 outside 27.0 10573
307 outside 32.0 10573
308 outside 32.0 10573
309 outside 17.0 10573
310 outside 22.0 10573
311 outside 32.0 10573
312 outside 17.0 10573
313 outside 17.0 10573
314 outside 32.0 10573
315 outside 22.0 10573
316 outside 17.0 10573
317 outside 22.0 10573
318 outside 17.0 10573
319 outside 22.0 10573
320 outside 22.0 10573
321 outside 17.0 10573
322 outside 22.0 10573
323 outside 32.0 10573
324 outside 32.0 10573
325 outside 27.0 10573
326 outside 22.0 10573
327 outside 22.0 10573
328 outside 32.0 10573
329 outside 22.0 10573
330 outside 17.0 10573
331 outside 32.0 10573
332 outside 27.0 10573
333 outside 27.0 10573
334 outside 32.0 10573
335 outside 22.0 10573
336 outside 17.0 10573
337 outside 17.0 10573
338 outside 17.0 10573
339 outside 27.0 10573
340 outside 32.0 10573
341 outside 22.0 10573
342 outside 17.0 10573
343 outside 17.0 10573
344 outside 22.0 10573
345 outside 27.0 10573
346 outside 32.0 10573
347 outside 17.0 10573
348 outside 27.0 10573
349 outside 22.0 10573
350 outside 22.0 10573
351 outside 17.0 10573
352 outside 27.0 10573
353 outside 27.0 10573
354 outside 17.0 10573
355 outside 17.0 10573
356 outside 32.0 10573
357 outside 17.0 10573
358 outside 17.0 10573
359 outside 17.0 10573
360 outside 22.0 10573
361 outside 27.0 10573
362 outside 22.0 10573
363 outside 22.0 10573
364 outside 32.0 10573
365 outside 17.0 10573
366 outside 32.0 10573
367 outside 27.0 10573
368 outside 32.0 10573
369 outside 17.0 10573
370 outside 17.0 10573
371 outside 32.0 10573
372 outside 32.0 10573
373 outside 32.0 10573
374 outside 22.0 10573
375 outside 32.0 10573
376 outside 32.0 10573
377 outside 22.0 10573
378 outside 17.0 10573
379 outside 17.0 10573
380 outside 17.0 10573
381 outside 17.0 10573
382 outside 27.0 10573
383 outside 17.0 10573
384 outside 22.0 10573
385 outside 22.0 10573
386 outside 22.0 10573
387 outside 32.0 10573
388 outside 22.0 10573
389 outside 32.0 10573
390 outside 22.0 10573
391 outside 32.0 10573
392 outside 22.0 10573
393 outside 32.0 10573
394 outside 17.0 10573
395 outside 27.0 10573
396 outside 22.0 10573
397 outside 17.0 10573
398 outside 27.0 10573
399 outside 27.0 10573
400 outside 22.0 10573
401 outside 32.0 10573
402 outside 17.0 10573
403 outside 27.0 10573
404 outside 32.0 10573
405 outside 17.0 10573
406 outside 22.0 10573
407 outside 32.0 10573
408 outside 32.0 10573
409 outside 32.0 10573
410 outside 32.0 10573
411 outside 17.0 10573
412 outside 17.0 10573
413 outside 17.0 10573
414 outside 17.0 10573
415 outside 32.0 10573
416 outside 32.0 10573
417 outside 22.0 10573
418 outside 27.0 10573
419 outside 32.0 10573
420 outside 27.0 10573
421 outside 17.0 10573
422 outside 17.0 10573
423 outside 17.0 10573
424 outside 32.0 10573
425 outside 32.0 10573
426 outside 22.0 10573
427 outside 17.0 10573
428 outside 22.0 10573
429 outside 22.0 10573
430 outside 32.0 10573
431 outside 22.0 10573
432 outside 22.0 10573
433 outside 17.0 10573
434 outside 22.0 10573
435 outside 27.0 10573
436 outside 22.0 10573
437 outside 32.0 10573
438 outside 32.0 10573
439 outside 27.0 10573
440 outside 32.0 10573
441 outside 32.0 10573
442 outside 17.0 10573
443 outside 32.0 10573
444 outside 22.0 10573
445 outside 32.0 10573
446 outside 32.0 10573
447 outside 17.0 10573
448 outside 22.0 10573
449 outside 32.0 10573
450 outside 32.0 10573
451 outside 22.0 10573
452 outside 17.0 10573
453 outside 17.0 10573
454 outside 32.0 10573
455 outside 22.0 10573
456 outside 32.0 10573
457 outside 17.0 10573
458 outside 27.0 10573
459 outside 27.0 10573
460 outside 22.0 10573
461 outside 22.0 10573
462 outside 32.0 10573
463 outside 22.0 10573
464 outside 22.0 10573
465 outside 22.0 10573
466 outside 27.0 10573
467 outside 27.0 10573
468 outside 17.0 10573
469 outside 17.0 10573
470 outside 32.0 10573
471 outside 22.0 10573
472 outside 17.0 10573
473 outside 32.0 10573
474 outside 32.0 10573
475 outside 32.0 10573
476 outside 32.0 10573
477 outside 27.0 10573
478 outside 27.0 10573
479 outside 22.0 10573
480 outside 22.0 10573
481 outside 32.0 10573
482 outside 22.0 10573
483 outside 32.0 10573
484 outside 17.0 10573
485 outside 17.0 10573
486 outside 22.0 10573
487 outside 17.0 10573
488 outside 17.0 10573
489 outside 17.0 10573
490 outside 32.0 10573
491 outside 22.0 10573
492 outside 17.0 10573
493 outside 27.0 10573
494 outside 17.0 10573
495 outside 32.0 10573
496 outside 22.0 10573
497 outside 22.0 10573
498 outside 27.0 10573
499 outside 22.0 10573
500 outside 22.0 10573
501 outside 22.0 10573
502 outside 22.0 10573
503 outside 17.0 10573
504 outside 32.0 10573
505 outside 32.0 10573
506 outside 17.0 10573
507 outside 17.0 10573
508 outside 22.0 10573
509 outside 17.0 10573
510 outside 27.0 10573
511 outside 32.0 10573
512 outside 17.0 10573
513 outside 22.0 10573
514 outside 17.0 10573
515 outside 22.0 10573
516 outside 17.0 10573
517 outside 27.0 10573
518 outside 32.0 10573
519 outside 32.0 10573
520 outside 17.0 10573
521 outside 27.0 10573
522 outside 22.0 10573
523 outside 22.0 10573
524 outside 32.0 10573
525 outside 22.0 10573
526 outside 32.0 10573
527 outside 32.0 10573
528 outside 17.0 10573
529 outside 32.0 10573
530 outside 32.0 10573
531 outside 27.0 10573
532 outside 17.0 10573
533 outside 22.0 10573
534 outside 32.0 10573
535 outside 22.0 10573
536 outside 32.0 10573
537 outside 17.0 10573
538 outside 22.0 10573
539 outside 17.0 10573
540 outside 32.0 10573
541 outside 17.0 10573
542 outside 22.0 10573
543 outside 22.0 10573
544 outside 27.0 10573
545 outside 32.0 10573
546 outside 32.0 10573
547 outside 32.0 10573
548 outside 32.0 10573
549 outside 17.0 10573
550 outside 27.0 10573
551 outside 22.0 10573
552 outside 27.0 10573
553 outside 17.0 10573
554 outside 22.0 10573
555 outside 32.0 10573
556 outside 17.0 10573
557 outside 22.0 10573
558 outside 17.0 10573
559 outside 22.0 10573
560 outside 32.0 10573
561 outside 27.0 10573
562 outside 22.0 10573
563 outside 27.0 10573
564 outside 22.0 10573
565 outside 32.0 10573
566 outside 22.0 10573
567 outside 22.0 10573
568 outside 22.0 10573
569 outside 32.0 10573
570 outside 17.0 10573
571 outside 22.0 10573
572 outside 32.0 10573
573 outside 22.0 10573
574 outside 22.0 10573
575 outside 17.0 10573
576 outside 22.0 10573
577 outside 27.0 10573
578 outside 17.0 10573
579 outside 17.0 10573
580 outside 22.0 10573
581 outside 27.0 10573
582 outside 32.0 10573
583 outside 32.0 10573
584 outside 17.0 10573
585 outside 17.0 10573
586 outside 17.0 10573
587 outside 27.0 10573
588 outside 22.0 10573
589 outside 32.0 10573
590 outside 27.0 10573
591 outside 22.0 10573
592 outside 32.0 10573
593 outside 22.0 10573
594 outside 32.0 10573
595 outside 27.0 10573
596 outside 22.0 10573
597 outside 22.0 10573
598 outside 22.0 10573
599 outside 27.0 10573
600 outside 22.0 10573
601 outside 17.0 10573
602 outside 22.0 10573
603 outside 32.0 10573
604 outside 22.0 10573
605 outside 22.0 10573
606 outside 17.0 10573
607 outside 22.0 10573
608 outside 17.0 10573
609 outside 17.0 10573
610 outside 22.0 10573
611 outside 32.0 10573
612 outside 17.0 10573
613 outside 27.0 10573
614 outside 17.0 10573
615 outside 17.0 10573
616 outside 27.0 10573
617 outside 27.0 10573
618 outside 22.0 10573
619 outside 22.0 10573
620 outside 22.0 10573
621 outside 17.0 10573
622 outside 17.0 10573
623 outside 22.0 10573
624 outside 27.0 10573
625 outside 17.0 10573
626 outside 17.0 10573
627 outside 17.0 10573
628 outside 22.0 10573
629 outside 17.0 10573
630 outside 17.0 10573
631 outside 32.0 10573
632 outside 32.0 10573
633 outside 17.0 10573
634 outside 17.0 10573
635 outside 32.0 10573
636 outside 27.0 10573
637 outside 27.0 10573
638 outside 17.0 10573
639 outside 17.0 10573
640 outside 22.0 10573
641 outside 32.0 10573
642 outside 17.0 10573
643 outside 27.0 10573
644 outside 17.0 10573
645 outside 17.0 10573
646 outside 27.0 10573
647 outside 32.0 10573
648 outside 17.0 10573
649 outside 17.0 10573
650 outside 17.0 10573
651 outside 32.0 10573
652 outside 17.0 10573
653 outside 17.0 10573
654 outside 17.0 10573
655 outside 27.0 10573
656 outside 22.0 10573
657 outside 22.0 10573
658 outside 22.0 10573
659 outside 32.0 10573
660 outside 22.0 10573
661 outside 17.0 10573
662 outside 22.0 10573
663 outside 22.0 10573
664 outside 22.0 10573
665 outside 27.0 10573
666 outside 32.0 10573
667 outside 32.0 10573
668 outside 22.0 10573
669 outside 27.0 10573
670 outside 17.0 10573
671 outside 27.0 10573
672 outside 17.0 10573
673 outside 22.0 10573
674 outside 32.0 10573
675 outside 22.0 10573
676 outside 32.0 10573
677 outside 27.0 10573
678 outside 27.0 10573
679 outside 32.0 10573
680 outside 17.0 10573
681 outside 32.0 10567
682 outside 60.0 10567
683 outside 60.0 10567
684 outside 52.0 10567
685 outside 60.0 10567
686 outside 60.0 10567
687 outside 39.5 10567
688 outside 39.5 10567
689 outside 60.0 10567
690 outside 60.0 10567
691 outside 52.0 10567
692 outside 60.0 10567
693 outside 60.0 10567
694 outside 52.0 10567
695 outside 52.0 10567
696 outside 52.0 10567
697 outside 60.0 10567
698 outside 60.0 10567
699 outside 60.0 10567
700 outside 39.5 10567
701 outside 39.5 10567
702 outside 60.0 10567
703 outside 60.0 10567
704 outside 52.0 10567
705 outside 60.0 10567
706 outside 60.0 10567
707 outside 60.0 10567
708 outside 52.0 10567
709 outside 52.0 10567
710 outside 60.0 10567
711 outside 52.0 10567
712 outside 39.5 10567
713 outside 60.0 10567
714 outside 60.0 10567
715 outside 60.0 10567
716 outside 39.5 10567
717 outside 60.0 10567
718 outside 52.0 10567
719 outside 52.0 10567
720 outside 52.0 10567
721 outside 60.0 10567
722 outside 52.0 10567
723 outside 60.0 10567
724 outside 39.5 10567
725 outside 39.5 10567
726 outside 60.0 10567
727 outside 60.0 10567
728 outside 60.0 10567
729 outside 32.0 10567
730 outside 39.5 10567
731 outside 60.0 10567
732 outside 60.0 10567
733 outside 60.0 10567
734 outside 60.0 10567
735 outside 52.0 10567
736 outside 39.5 10567
737 outside 52.0 10567
738 outside 39.5 10567
739 outside 60.0 10567
740 outside 52.0 10567
741 outside 60.0 10567
742 outside 60.0 10567
743 outside 39.5 10567
744 outside 52.0 10567
745 outside 60.0 10567
746 outside 60.0 10567
747 outside 60.0 10567
748 outside 60.0 10567
749 outside 39.5 10567
750 outside 60.0 10567
751 outside 60.0 10567
752 outside 39.5 10567
753 outside 32.0 10567
754 outside 52.0 10567
755 outside 60.0 10567
756 outside 60.0 10567
757 outside 39.5 10567
758 outside 39.5 10567
759 outside 60.0 10567
760 outside 60.0 10567
761 outside 60.0 10567
762 outside 52.0 10567
763 outside 60.0 10567
764 outside 52.0 10567
765 outside 52.0 10567
766 outside 32.0 10567
767 outside 60.0 10567
768 outside 60.0 10567
769 outside 60.0 10567
770 outside 60.0 10567
771 outside 52.0 10567
772 outside 60.0 10567
773 outside 60.0 10567
774 outside 52.0 10567
775 outside 60.0 10567
776 outside 60.0 10567
777 outside 52.0 10567
778 outside 52.0 10567
779 outside 60.0 10567
780 outside 60.0 10567
781 outside 60.0 10567
782 outside 52.0 10567
783 outside 60.0 10567
784 outside 60.0 10567
785 outside 60.0 10567
786 outside 60.0 10567
787 outside 60.0 10567
788 outside 60.0 10567
789 outside 52.0 10567
790 outside 60.0 10567
791 outside 52.0 10567
792 outside 60.0 10567
793 outside 39.5 10567
794 outside 52.0 10567
795 outside 60.0 10567
796 outside 52.0 10567
797 outside 60.0 10567
798 outside 52.0 10567
799 outside 60.0 10567
800 outside 60.0 10567
801 outside 60.0 10567
802 outside 60.0 10567
803 outside 60.0 10567
804 outside 60.0 10567
805 outside 39.5 10567
806 outside 60.0 10567
807 outside 60.0 10567
808 outside 52.0 10567
809 outside 60.0 10567
810 outside 52.0 10567
811 outside 52.0 10567
812 outside 60.0 10567
813 outside 39.5 10567
814 outside 60.0 10567
815 outside 60.0 10567
816 outside 60.0 10567
817 outside 52.0 10567
818 outside 52.0 10567
819 outside 52.0 10567
820 outside 52.0 10567
821 outside 52.0 10567
822 outside 60.0 10567
823 outside 60.0 10567
824 outside 60.0 10567
825 outside 60.0 10567
826 outside 60.0 10567
827 outside 60.0 10567
828 outside 52.0 10567
829 outside 60.0 10567
830 outside 60.0 10567
831 outside 60.0 10567
832 outside 60.0 10567
833 outside 60.0 10567
834 outside 52.0 10567
835 outside 39.5 10567
836 outside 60.0 10567
837 outside 60.0 10567
838 outside 52.0 10567
839 outside 60.0 10567
840 outside 60.0 10567
841 outside 60.0 10567
842 outside 52.0 10567
843 outside 60.0 10567
844 outside 60.0 10567
845 outside 39.5 10567
846 outside 60.0 10567
847 outside 39.5 10567
848 outside 60.0 10567
849 outside 52.0 10567
850 outside 60.0 10567
851 outside 52.0 10567
852 outside 60.0 10567
853 outside 52.0 10567
854 outside 52.0 10567
855 outside 39.5 10567
856 outside 60.0 10567
857 outside 60.0 10567
858 outside 60.0 10567
859 outside 60.0 10567
860 outside 60.0 10567
861 outside 39.5 10567
862 outside 52.0 10567
863 outside 60.0 10567
864 outside 39.5 10567
865 outside 52.0 10567
866 outside 52.0 10567
867 outside 60.0 10567
868 outside 52.0 10567
869 outside 52.0 10567
870 outside 60.0 10567
871 outside 60.0 10567
872 outside 52.0 10567
873 outside 32.0 10567
874 outside 52.0 10567
875 outside 52.0 10567
876 outside 60.0 10567
877 outside 60.0 10567
878 outside 60.0 10567
879 outside 60.0 10567
880 outside 52.0 10567
881 outside 60.0 10567
882 outside 52.0 10567
883 outside 60.0 10567
884 outside 52.0 10567
885 outside 60.0 10567
886 outside 60.0 10567
887 outside 39.5 10567
888 outside 52.0 10567
889 outside 60.0 10567
890 outside 60.0 10567
891 outside 52.0 10567
892 outside 60.0 10567
893 outside 60.0 10567
894 outside 60.0 10567
895 outside 60.0 10567
896 outside 52.0 10567
897 outside 52.0 10567
898 outside 39.5 10567
899 outside 52.0 10567
900 outside 39.5 10567
901 outside 39.5 10567
902 outside 32.0 10567
903 outside 60.0 10567
904 outside 60.0 10567
905 outside 60.0 10567
906 outside 60.0 10567
907 outside 52.0 10567
908 outside 60.0 10567
909 outside 60.0 10567
910 outside 60.0 10567
911 outside 60.0 10567
912 outside 39.5 10567
913 outside 52.0 10567
914 outside 60.0 10567
915 outside 60.0 10567
916 outside 32.0 10567
917 outside 52.0 10567
918 outside 52.0 10567
919 outside 60.0 10567
920 outside 60.0 10567
921 outside 52.0 10567
922 outside 60.0 10567
923 outside 39.5 10567
924 outside 60.0 10567
925 outside 52.0 10567
926 outside 60.0 10567
927 outside 52.0 10567
928 outside 52.0 10567
929 outside 60.0 10567
930 outside 60.0 10567
931 outside 52.0 10567
932 outside 60.0 10567
933 outside 60.0 10567
934 outside 52.0 10567
935 outside 39.5 10567
936 outside 52.0 10567
937 outside 60.0 10567
938 outside 60.0 10567
939 outside 60.0 10567
940 outside 60.0 10567
941 outside 60.0 10567
942 outside 52.0 10567
943 outside 60.0 10567
944 outside 60.0 10567
945 outside 52.0 10567
946 outside 60.0 10567
947 outside 52.0 10567
948 outside 52.0 10567
949 outside 60.0 10567
950 outside 32.0 10567
951 outside 60.0 10567
952 outside 60.0 10567
953 outside 60.0 10567
954 outside 52.0 10567
955 outside 52.0 10567
956 outside 60.0 10567
957 outside 39.5 10567
958 outside 52.0 10567
959 outside 52.0 10567
960 outside 60.0 10567
961 outside 60.0 10567
962 outside 32.0 10567
963 outside 60.0 10567
964 outside 60.0 10567
965 outside 52.0 10567
966 outside 60.0 10567
967 outside 52.0 10567
968 outside 60.0 10567
969 outside 60.0 10567
970 outside 60.0 10567
971 outside 60.0 10567
972 outside 52.0 10567
973 outside 60.0 10567
974 outside 60.0 10567
975 outside 52.0 10567
976 outside 60.0 10567
977 outside 52.0 10567
978 outside 32.0 10567
979 outside 52.0 10567
980 outside 60.0 10567
981 outside 60.0 10567
982 outside 52.0 10567
983 outside 60.0 10567
984 outside 52.0 10567
985 outside 60.0 10567
986 outside 60.0 10567
987 outside 60.0 10567
988 outside 52.0 10567
989 outside 60.0 10567
990 outside 52.0 10567
991 outside 60.0 10567
992 outside 52.0 10567
993 outside 32.0 10567
994 outside 60.0 10567
995 outside 52.0 10567
996 outside 60.0 10567
997 outside 52.0 10567
998 outside 52.0 10567
999 outside 60.0 10567
1000 outside 52.0 10567
1001 outside 60.0 10567
1002 outside 52.0 10567
1003 outside 39.5 10567
1004 outside 60.0 10567
1005 outside 60.0 10567
1006 outside 60.0 10567
1007 outside 60.0 10567
1008 outside 60.0 10567
1009 outside 52.0 10567
1010 outside 60.0 10567
1011 outside 60.0 10567
1012 outside 52.0 10567
1013 outside 60.0 10567
1014 outside 60.0 10567
1015 outside 60.0 10567
1016 outside 52.0 10567
1017 outside 60.0 10567
1018 outside 52.0 10567
1019 outside 52.0 10567
1020 outside 52.0 10567
1021 outside 32.0 10567
1022 outside 60.0 10567
1023 outside 39.5 10567
1024 outside 60.0 10567
1025 outside 39.5 10567
1026 outside 60.0 10567
1027 outside 60.0 10567
1028 outside 52.0 10567
1029 outside 60.0 10567
1030 outside 39.5 10567
1031 outside 52.0 10567
1032 outside 60.0 10567
1033 outside 32.0 10567
1034 outside 60.0 10567
1035 outside 60.0 10567
1036 outside 60.0 10567
1037 outside 60.0 10567
1038 outside 60.0 10567
1039 outside 52.0 10567
1040 outside 60.0 10567
1041 outside 60.0 10567
1042 outside 60.0 10567
1043 outside 60.0 10567
1044 outside 52.0 10567
1045 outside 60.0 10567
1046 outside 60.0 10567
1047 outside 60.0 10567
1048 outside 60.0 10567
1049 outside 39.5 10567
1050 outside 60.0 10567
1051 outside 60.0 10567
1052 outside 52.0 10567
1053 outside 52.0 10567
1054 outside 52.0 10567
1055 outside 60.0 10567
1056 outside 39.5 10567
1057 outside 52.0 10567
1058 outside 60.0 10567
1059 outside 60.0 10567
1060 outside 60.0 10567
1061 outside 52.0 10567
1062 outside 60.0 10567
1063 outside 60.0 10567
1064 outside 60.0 10567
1065 outside 39.5 10567
1066 outside 60.0 10567
1067 outside 60.0 10567
1068 outside 60.0 10567
1069 outside 60.0 10567
1070 outside 60.0 10567
1071 outside 60.0 10567
1072 outside 32.0 10567
1073 outside 60.0 10567
1074 outside 52.0 10567
1075 outside 60.0 10567
1076 outside 60.0 10567
1077 outside 60.0 10567
1078 outside 60.0 10567
1079 outside 39.5 10567
1080 outside 60.0 10567
1081 outside 60.0 10567
1082 outside 32.0 10567
1083 outside 60.0 10567
1084 outside 60.0 10567
1085 outside 60.0 10567
1086 outside 52.0 10567
1087 outside 60.0 10567
1088 outside 60.0 10567
1089 outside 60.0 10567
1090 outside 52.0 10567
1091 outside 60.0 10567
1092 outside 52.0 10567
1093 outside 52.0 10567
1094 outside 52.0 10567
1095 outside 60.0 10567
1096 outside 60.0 10567
1097 outside 32.0 10567
1098 outside 52.0 10567
1099 outside 60.0 10567
1100 outside 52.0 10567
1101 outside 60.0 10567
1102 outside 60.0 10567
1103 outside 60.0 10567
1104 outside 32.0 10567
1105 outside 52.0 10567
1106 outside 52.0 10567
1107 outside 39.5 10567
1108 outside 60.0 10567
1109 outside 52.0 10567
1110 outside 52.0 10567
1111 outside 60.0 10567
1112 outside 60.0 10567
1113 outside 60.0 10567
1114 outside 60.0 10567
1115 outside 60.0 10567
1116 outside 32.0 10567
1117 outside 52.0 10567
1118 outside 52.0 10567
1119 outside 60.0 10567
1120 outside 60.0 10567
1121 outside 52.0 10567
1122 outside 52.0 10567
1123 outside 52.0 10567
1124 outside 60.0 10567
1125 outside 39.5 10567
1126 outside 60.0 10567
1127 outside 52.0 10567
1128 outside 60.0 10567
1129 outside 60.0 10567
1130 outside 60.0 10567
1131 outside 39.5 10567
1132 outside 60.0 10567
1133 outside 60.0 10567
1134 outside 60.0 10567
1135 outside 60.0 10567
1136 outside 60.0 10567
1137 outside 60.0 10567
1138 outside 60.0 10567
1139 outside 39.5 10567
1140 outside 39.5 10567
1141 outside 52.0 10567
1142 outside 52.0 10567
1143 outside 60.0 10567
1144 outside 60.0 10567
1145 outside 60.0 10567
1146 outside 52.0 10567
1147 outside 60.0 10567
1148 outside 39.5 10567
1149 outside 60.0 10567
1150 outside 52.0 10567
1151 outside 60.0 10567
1152 outside 39.5 10567
1153 outside 60.0 10567
1154 outside 52.0 10567
1155 outside 52.0 10567
1156 outside 52.0 10567
1157 outside 52.0 10567
1158 outside 60.0 10567
1159 outside 60.0 10567
1160 outside 52.0 10567
1161 outside 60.0 10567
1162 outside 60.0 10567
1163 outside 60.0 10567
1164 outside 60.0 10567
1165 outside 52.0 10567
1166 outside 60.0 10567
1167 outside 52.0 10567
1168 outside 60.0 10567
1169 outside 52.0 10567
1170 outside 60.0 10567
1171 outside 60.0 10567
1172 outside 60.0 10567
1173 outside 52.0 10567
1174 outside 60.0 10567
1175 outside 60.0 10567
1176 outside 60.0 10567
1177 outside 60.0 10567
1178 outside 60.0 10567
1179 outside 60.0 10567
1180 outside 52.0 10567
1181 outside 60.0 10567
1182 outside 60.0 10567
1183 outside 60.0 10567
1184 outside 60.0 10567
1185 outside 60.0 10567
1186 outside 60.0 10567
1187 outside 60.0 10567
1188 outside 60.0 10567
1189 outside 60.0 10567
1190 outside 60.0 10567
1191 outside 60.0 10567
1192 outside 60.0 10567
1193 outside 60.0 10567
1194 outside 60.0 10567
1195 outside 60.0 10567
1196 outside 60.0 10567
1197 outside 52.0 10567
1198 outside 52.0 10567
1199 outside 39.5 10567
1200 outside 52.0 10567
1201 outside 60.0 10567
1202 outside 39.5 10567
1203 outside 52.0 10567
1204 outside 60.0 10567
1205 outside 60.0 10567
1206 outside 60.0 10567
1207 outside 60.0 10567
1208 outside 60.0 10567
1209 outside 32.0 10567
1210 outside 60.0 10567
1211 outside 60.0 10567
1212 outside 60.0 10567
1213 outside 52.0 10567
1214 outside 52.0 10567
1215 outside 52.0 10567
1216 outside 52.0 10567
1217 outside 60.0 10567
1218 outside 60.0 10567
1219 outside 60.0 10567
1220 outside 60.0 10567
1221 outside 60.0 10567
1222 outside 52.0 10567
1223 outside 60.0 10567
1224 outside 60.0 10567
1225 outside 60.0 10567
1226 outside 60.0 10567
1227 outside 60.0 10567
1228 outside 52.0 10567
1229 outside 39.5 10567
1230 outside 60.0 10567
1231 outside 32.0 10567
1232 outside 60.0 10567
1233 outside 39.5 10567
1234 outside 60.0 10567
1235 outside 60.0 10567
1236 outside 60.0 10567
1237 outside 39.5 10567
1238 outside 39.5 10567
1239 outside 52.0 10567
1240 outside 32.0 10567
1241 outside 60.0 10567
1242 outside 32.0 10567
1243 outside 39.5 10567
1244 outside 60.0 10567
1245 outside 39.5 10567
1246 outside 60.0 10567
1247 outside 60.0 10567
1248 outside 52.0 10567
1249 outside 39.5 10567
1250 outside 39.5 10567
1251 outside 60.0 10567
1252 outside 39.5 10567
1253 outside 60.0 10567
1254 outside 60.0 10567
1255 outside 52.0 10567
1256 outside 52.0 10567
1257 outside 60.0 10567
1258 outside 60.0 10567
1259 outside 60.0 10567
1260 outside 39.5 10567
1261 outside 60.0 10567
1262 outside 60.0 10567
1263 outside 52.0 10567
1264 outside 60.0 10567
1265 outside 60.0 10567
1266 outside 52.0 10567
1267 outside 52.0 10567
1268 outside 52.0 10567
1269 outside 60.0 10567
1270 outside 60.0 10567
1271 outside 60.0 10567
1272 outside 60.0 10567
1273 outside 60.0 10567
1274 outside 52.0 10567
1275 outside 52.0 10567
1276 outside 32.0 10567
1277 outside 60.0 10567
1278 outside 60.0 10567
1279 outside 52.0 10567
1280 outside 52.0 10567
1281 outside 60.0 10567
1282 outside 60.0 10567
1283 outside 60.0 10567
1284 outside 39.5 10567
1285 outside 60.0 10567
1286 outside 39.5 10567
1287 outside 32.0 10567
1288 outside 39.5 10567
1289 outside 60.0 10567
1290 outside 60.0 10567
1291 outside 52.0 10567
1292 outside 32.0 10567
1293 outside 60.0 10567
1294 outside 52.0 10567
1295 outside 52.0 10567
1296 outside 60.0 10567
1297 outside 52.0 10567
1298 outside 52.0 10567
1299 outside 60.0 10567
1300 outside 52.0 10567
1301 outside 52.0 10567
1302 outside 60.0 10567
1303 outside 60.0 10567
1304 outside 60.0 10567
1305 outside 39.5 10567
1306 outside 60.0 10567
1307 outside 60.0 10567
1308 outside 39.5 10567
1309 outside 60.0 10567
1310 outside 60.0 10567
1311 outside 60.0 10567
1312 outside 60.0 10567
1313 outside 60.0 10567
1314 outside 60.0 10567
1315 outside 60.0 10567
1316 outside 60.0 10567
1317 outside 60.0 10567
1318 outside 39.5 10567
1319 outside 39.5 10567
1320 outside 60.0 10567
1321 outside 60.0 10567
1322 outside 52.0 10567
1323 outside 60.0 10567
1324 outside 60.0 10567
1325 outside 60.0 10567
1326 outside 60.0 10567
1327 outside 60.0 10567
1328 outside 60.0 10567
1329 outside 52.0 10567
1330 outside 60.0 10567
1331 outside 60.0 10567
1332 outside 39.5 10567
1333 outside 52.0 10567
1334 outside 52.0 10567
1335 outside 17.0 10469
1336 outside 27.0 10469
1337 outside 17.0 10469
1338 outside 22.0 10469
1339 outside 22.0 10469
1340 outside 17.0 10469
1341 outside 17.0 10469
1342 outside 22.0 10469
1343 outside 17.0 10469
1344 outside 17.0 10469
1345 outside 22.0 10469
1346 outside 17.0 10469
1347 outside 17.0 10469
1348 outside 17.0 10469
1349 outside 17.0 10469
1350 outside 17.0 10469
1351 outside 22.0 10469
1352 outside 17.0 10469
1353 outside 27.0 10469
1354 outside 17.0 10469
1355 outside 17.0 10469
1356 outside 27.0 10469
1357 outside 22.0 10469
1358 outside 22.0 10469
1359 outside 22.0 10469
1360 outside 17.0 10469
1361 outside 27.0 10469
1362 outside 17.0 10469
1363 outside 17.0 10469
1364 outside 17.0 10469
1365 outside 27.0 10469
1366 outside 27.0 10469
1367 outside 27.0 10469
1368 outside 22.0 10469
1369 outside 22.0 10469
1370 outside 22.0 10469
1371 outside 27.0 10469
1372 outside 22.0 10469
1373 outside 17.0 10469
1374 outside 27.0 10469
1375 outside 22.0 10469
1376 outside 17.0 10469
1377 outside 27.0 10469
1378 outside 17.0 10469
1379 outside 22.0 10469
1380 outside 17.0 10469
