1 40.948413 -73.780721 middle
2 40.910044 -73.798555 primary
3 40.918268 -73.798032 primary
4 40.973972 -73.785149 primary
5 40.9740323 -73.7850245 primary
6 40.932665 -73.773371 daycare
7 40.924352 -73.788585 college
8 40.965715 -73.787844 daycare
9 40.965715 -73.787844 primary
10 40.965715 -73.787844 middle
11 40.963727 -73.793215 daycare
12 40.963727 -73.793215 primary
13 40.963727 -73.793215 middle
14 40.963727 -73.793215 high
15 40.902364 -73.778153 middle
16 40.897289 -73.790294 primary
17 40.911938 -73.776361 college
18 40.929742 -73.794612 high
19 40.924213 -73.791494 primary
20 40.924213 -73.791494 middle
21 40.894181 -73.789759 daycare
22 40.91684 -73.768381 high
23 40.906909 -73.784088 primary
24 40.906909 -73.784088 middle
25 40.906909 -73.784088 high
26 40.918466 -73.79772 daycare
27 40.918466 -73.79772 primary
28 40.918466 -73.79772 middle
29 40.9799907 -73.726897 daycare
30 40.9799907 -73.726897 primary
31 40.954113 -73.783292 daycare
32 40.954113 -73.783292 primary
33 40.954113 -73.783292 middle
34 40.949076 -73.797313 middle
35 40.949076 -73.797313 high
36 40.903001 -73.774209 primary
37 40.955691 -73.783837 primary
38 40.9239329 -73.7954195 daycare
39 40.9260118 -73.8021074 daycare
40 40.912796 -73.7830572 daycare
41 40.919649 -73.7942354 daycare
42 40.9275624 -73.795445 daycare
43 40.9165205 -73.7933182 daycare
44 40.9215509 -73.7931522 daycare
45 40.9243089 -73.7999187 daycare
46 40.9212918 -73.8004865 daycare
47 40.923967 -73.7924217 daycare
48 40.91932 -73.7966197 daycare
49 40.927167 -73.7963509 daycare
50 40.9108197 -73.7903069 daycare
51 40.9202894 -73.7936092 daycare
52 40.916171 -73.7949032 daycare
53 40.9173154 -73.7922753 daycare
54 40.9003192 -73.7902216 daycare
55 40.9095009 -73.7822458 daycare
56 40.9112968 -73.7830521 daycare
57 40.925717 -73.7843457 daycare
58 40.9046414 -73.7874257 daycare
59 40.9257834 -73.7772547 daycare
60 40.9210789 -73.7758298 daycare
61 40.9005434 -73.7720286 daycare
62 40.9646979 -73.7843317 daycare
63 40.9060115 -73.7845994 daycare
64 40.930405 -73.7867537 daycare
65 40.9237438 -73.7901399 daycare
66 40.9692809 -73.7875499 daycare
67 40.9303564 -73.7992409 daycare
68 40.9428106 -73.7948165 daycare
69 40.9068771 -73.8189607 daycare
70 40.9310789 -73.7962104 daycare
71 40.956495 -73.7859546 daycare
72 40.9000463 -73.7889746 daycare
73 40.9110059 -73.8015391 daycare
74 40.896039 -73.7865747 daycare
75 40.9293595 -73.7693146 daycare